0004260402480008                      4311501990018                      20220407152832206325VEGANZ                             4.5                                                                                                                                                                                                                                                                                                                                                                                                                                                                                      
1001             DESADV              351   22209964                           20220407                                                                                                                                                                                                                                                                                                                                                                                                                                                                                                                                   
111                                                                                                                 2013008392                                                                            2022041122209964                           20220407                                                                                                                                                                                                                                                                                                                                                            
11520220411                                                                                                                                                                                                                                                                                                                                                                                                                                                                                                                                                                                                              
119BY                                                                                                                                                                                                                                                                                                                                                                                                                                                                                                                                                                                                                    
119IV                                                                                                                                                                                                                                                                                                                                                                                                                                                                                                                                                                                                                    
119DP 4313101086016                                                                                                                                                                                                                                                                                                                                                                                                                                                                                                                                                                                                      
119SU 4260402480008                                                                                                                                                                                                                                                                                                                                                                                                                                                                                                                                                                                                      
400     1  1     
500     1   4251725800277                                                                                                                                                                                                                                                                .000000000000000000                                                                                                                                                                                                                                                                                                             
511                                                                                                                 2013008392                         
51520220411
410              201                 340455750695446692                 
500     2   4251725800253                                                                                                                                                                                                                                                               2.000000000000000000                                                                                                                                                                                                                                                                                                             
511                                                                                                                 2013008392                         
51520220411
580     220220811100752-608518012                      2                                             
500     3   4251725800475                                                                                                                                                                                                                                                               2.000000000000000000                                                                                                                                                                                                                                                                                                             
511                                                                                                                 2013008392                         
51520220411
580     320220504100790-22090                          2       
