0004260402480008                      4311501990018                      20220401134532205908VEGANZ                             4.5                                                                                                                                                                                                                                                                                                                                                                                                                                                                                      
1001             DESADV              351   22209209                           20220401                                                                                                                                                                                                                                                                                                                                                                                                                                                                                                                                   
111                                                                                                                 112041                             20220331                                           2022040522209209                           20220401                                                                                                                                                                                                                                                                                                                                                            
11520220405                                                                                                                                                                                                                                                                                                                                                                                                                                                                                                                                                                                                              
119BY 4314187000002                                                                                                                                                                                                                                                                                                                                                                                                                                                                                                                                                                                                      
119IV 4314187000002                                                                                                                                                                                                                                                                                                                                                                                                                                                                                                                                                                                                      
119DP 4314187001306                                                                                                                                                                                                                                                                                                                                                                                                                                                                                                                                                                                                      
119SU 4260402480008                                                                                                                                                                                                                                                                                                                                                                                                                                                                                                                                                                                                      
400     1  2     
410              201                 340455750695614954                 
500     1   4260402489995                                                                                                                                                                                                                                                              64.000000000000000000                                                                                                                                                                                                                                                                                                             
511                                                                                                                 112041                             
51520220405
580     120220706100701-220706P05                      64                                            
410              201                 340455750695614961                 
500     2   4251725800277                                                                                                                                                                                                                                                              32.000000000000000000                                                                                                                                                                                                                                                                                                             
511                                                                                                                 112041                             
51520220405
580     220220427100753-0762022                        32      
