0004260402480008                      4311501990018                      20220407153532206327VEGANZ                             4.5                                                                                                                                                                                                                                                                                                                                                                                                                                                                                      
1001             DESADV              351   22209405                           20220407                                                                                                                                                                                                                                                                                                                                                                                                                                                                                                                                   
111                                                                                                                 O-2022-006250                                                                         2022041122209405                           20220407                                                                                                                                                                                                                                                                                                                                                            
11520220411                                                                                                                                                                                                                                                                                                                                                                                                                                                                                                                                                                                                              
119BY                                                                                                                                                                                                                                                                                                                                                                                                                                                                                                                                                                                                                    
119IV                                                                                                                                                                                                                                                                                                                                                                                                                                                                                                                                                                                                                    
119DP 4314318187596                                                                                                                                                                                                                                                                                                                                                                                                                                                                                                                                                                                                      
119SU 4260402480008                                                                                                                                                                                                                                                                                                                                                                                                                                                                                                                                                                                                      
400     1  1     
500     1   4260402489995                                                                                                                                                                                                                                                                .000000000000000000                                                                                                                                                                                                                                                                                                             
511                                                                                                                 O-2022-006250                      
51520220411
500     2   4251725801434                                                                                                                                                                                                                                                                .000000000000000000                                                                                                                                                                                                                                                                                                             
511                                                                                                                 O-2022-006250                      
51520220411
500     3   4251725801458                                                                                                                                                                                                                                                                .000000000000000000                                                                                                                                                                                                                                                                                                             
511                                                                                                                 O-2022-006250                      
51520220411
500     4   4251725800277                                                                                                                                                                                                                                                                .000000000000000000                                                                                                                                                                                                                                                                                                             
511                                                                                                                 O-2022-006250                      
51520220411
410              201                 340455750695674828                 
500     5   4260402485324                                                                                                                                                                                                                                                               1.000000000000000000                                                                                                                                                                                                                                                                                                             
511                                                                                                                 O-2022-006250                      
51520220411
580     520230407152204-L22061                         1                                             
500     6   4260402485386                                                                                                                                                                                                                                                               1.000000000000000000                                                                                                                                                                                                                                                                                                             
511                                                                                                                 O-2022-006250                      
51520220411
580     620230409152206-L22063                         1                                             
500     7   4260402485249                                                                                                                                                                                                                                                               1.000000000000000000                                                                                                                                                                                                                                                                                                             
511                                                                                                                 O-2022-006250                      
51520220411
580     720230217151100-L22074                         1                                             
500     8   4260402487939                                                                                                                                                                                                                                                               1.000000000000000000                                                                                                                                                                                                                                                                                                             
511                                                                                                                 O-2022-006250                      
51520220411
580     820230214100493-04522A                         1                                             
500     9   4260402487892                                                                                                                                                                                                                                                               1.000000000000000000                                                                                                                                                                                                                                                                                                             
511                                                                                                                 O-2022-006250                      
51520220411
580     920230211100491-04222A                         1                                             
500    10   4251725800390                                                                                                                                                                                                                                                               2.000000000000000000                                                                                                                                                                                                                                                                                                             
511                                                                                                                 O-2022-006250                      
51520220411
580    1020230125100767-C072202251                     2                                             
500    11   4251725800581                                                                                                                                                                                                                                                               2.000000000000000000                                                                                                                                                                                                                                                                                                             
511                                                                                                                 O-2022-006250                      
51520220411
580    1120230102100807-C072202022                     2                                             
500    12   4251725800598                                                                                                                                                                                                                                                               2.000000000000000000                                                                                                                                                                                                                                                                                                             
511                                                                                                                 O-2022-006250                      
51520220411
580    1220230103100808-C072202032                     2                                             
500    13   4260402480367                                                                                                                                                                                                                                                               2.000000000000000000                                                                                                                                                                                                                                                                                                             
511                                                                                                                 O-2022-006250                      
51520220411
580    1320230610141049-L344G21                        2                                             
500    14   4260402486789                                                                                                                                                                                                                                                               1.000000000000000000                                                                                                                                                                                                                                                                                                             
511                                                                                                                 O-2022-006250                      
51520220411
580    1420221027161046-L1441                          1                                             
500    15   4251725801397                                                                                                                                                                                                                                                               1.000000000000000000                                                                                                                                                                                                                                                                                                             
511                                                                                                                 O-2022-006250                      
51520220411
580    1520230131100926-01/22                          1                                             
500    16   4260402485027                                                                                                                                                                                                                                                               1.000000000000000000                                                                                                                                                                                                                                                                                                             
511                                                                                                                 O-2022-006250                      
51520220411
580    1620230331151097-L22034                         1                                             
500    17   4260402485003                                                                                                                                                                                                                                                               1.000000000000000000                                                                                                                                                                                                                                                                                                             
511                                                                                                                 O-2022-006250                      
51520220411
580    1720230331151096-L12034                         1                                             
500    18   4260402489452                                                                                                                                                                                                                                                               1.000000000000000000                                                                                                                                                                                                                                                                                                             
511                                                                                                                 O-2022-006250                      
51520220411
580    1820230404100634-L22055                         1                                             
500    19   4260402486840                                                                                                                                                                                                                                                               1.000000000000000000                                                                                                                                                                                                                                                                                                             
511                                                                                                                 O-2022-006250                      
51520220411
580    1920230527100399-02722                          1                                             
500    20   4260402486802                                                                                                                                                                                                                                                               1.000000000000000000                                                                                                                                                                                                                                                                                                             
511                                                                                                                 O-2022-006250                      
51520220411
580    2020230202161047-L2061                          1                                             
500    21   4260402487205                                                                                                                                                                                                                                                               1.000000000000000000                                                                                                                                                                                                                                                                                                             
511                                                                                                                 O-2022-006250                      
51520220411
580    2120221211100458-221553/0                       1                                             
500    22   4260402485652                                                                                                                                                                                                                                                               1.000000000000000000                                                                                                                                                                                                                                                                                                             
511                                                                                                                 O-2022-006250                      
51520220411
580    2220230228100314-L11512                         1                                             
500    23   4260402487618                                                                                                                                                                                                                                                               1.000000000000000000                                                                                                                                                                                                                                                                                                             
511                                                                                                                 O-2022-006250                      
51520220411
580    2320230308100479-L22102                         1                                             
500    24   4260402484983                                                                                                                                                                                                                                                               1.000000000000000000                                                                                                                                                                                                                                                                                                             
511                                                                                                                 O-2022-006250                      
51520220411
580    2420230331151095-L32033                         1                                             
500    25   4260402484495                                                                                                                                                                                                                                                               1.000000000000000000                                                                                                                                                                                                                                                                                                             
511                                                                                                                 O-2022-006250                      
51520220411
580    2520240130153060-030F                           1                                             
500    26   4260402484334                                                                                                                                                                                                                                                               1.000000000000000000                                                                                                                                                                                                                                                                                                             
511                                                                                                                 O-2022-006250                      
51520220411
580    2620230420153059-L2020                          1                                             
500    27   4260402485737                                                                                                                                                                                                                                                               1.000000000000000000                                                                                                                                                                                                                                                                                                             
511                                                                                                                 O-2022-006250                      
51520220411
580    2720220620162014-1000306114                     1                                             
500    28   4251725801069                                                                                                                                                                                                                                                               1.000000000000000000                                                                                                                                                                                                                                                                                                             
511                                                                                                                 O-2022-006250                      
51520220411
580    2820230801100887-0061222                        1                                             
500    29   4251725801021                                                                                                                                                                                                                                                               1.000000000000000000                                                                                                                                                                                                                                                                                                             
511                                                                                                                 O-2022-006250                      
51520220411
580    2920240120100885-0060905                        1                                             
500    30   4260402484518                                                                                                                                                                                                                                                               1.000000000000000000                                                                                                                                                                                                                                                                                                             
511                                                                                                                 O-2022-006250                      
51520220411
580    3020231201153061-335U                           1                                             
500    31   4251725800901                                                                                                                                                                                                                                                               1.000000000000000000                                                                                                                                                                                                                                                                                                             
511                                                                                                                 O-2022-006250                      
51520220411
580    3120221101100875-VE46020                        1                                             
500    32   4251725801212                                                                                                                                                                                                                                                               1.000000000000000000                                                                                                                                                                                                                                                                                                             
511                                                                                                                 O-2022-006250                      
51520220411
580    3220240201100913-0060906                        1                                             
500    33   4251725801120                                                                                                                                                                                                                                                               4.000000000000000000                                                                                                                                                                                                                                                                                                             
511                                                                                                                 O-2022-006250                      
51520220411
580    3320240118100896-180124                         4                                             
500    34   4260402484006                                                                                                                                                                                                                                                               2.000000000000000000                                                                                                                                                                                                                                                                                                             
511                                                                                                                 O-2022-006250                      
51520220411
580    3420220918271013-180922                         2                                             
500    35   4260402487632                                                                                                                                                                                                                                                               1.000000000000000000                                                                                                                                                                                                                                                                                                             
511                                                                                                                 O-2022-006250                      
51520220411
580    3520230105100480-L22022                         1                                             
500    36   4251725800253                                                                                                                                                                                                                                                               1.000000000000000000                                                                                                                                                                                                                                                                                                             
511                                                                                                                 O-2022-006250                      
51520220411
580    3620220811100752-608518012                      1                                             
500    37   4251725801236                                                                                                                                                                                                                                                               1.000000000000000000                                                                                                                                                                                                                                                                                                             
511                                                                                                                 O-2022-006250                      
51520220411
580    3720220911100917-723218022                      1                                             
500    38   4251725800864                                                                                                                                                                                                                                                               2.000000000000000000                                                                                                                                                                                                                                                                                                             
511                                                                                                                 O-2022-006250                      
51520220411
580    3820220509100870-111113                         2                                             
500    39   4260402489094                                                                                                                                                                                                                                                               1.000000000000000000                                                                                                                                                                                                                                                                                                             
511                                                                                                                 O-2022-006250                      
51520220411
580    3920220706100599-O070122K                       1                                             
500    40   4251725800987                                                                                                                                                                                                                                                               1.000000000000000000                                                                                                                                                                                                                                                                                                             
511                                                                                                                 O-2022-006250                      
51520220411
580    4020220815100883-765218032                      1                                             
500    41   4251725801489                                                                                                                                                                                                                                                               2.000000000000000000                                                                                                                                                                                                                                                                                                             
511                                                                                                                 O-2022-006250                      
51520220411
580    4120220505100935-122133                         2                                             
500    42   4251725801502                                                                                                                                                                                                                                                               2.000000000000000000                                                                                                                                                                                                                                                                                                             
511                                                                                                                 O-2022-006250                      
51520220411
580    4220220505100936-122133                         2                                             
500    43   4251725800437                                                                                                                                                                                                                                                               1.000000000000000000                                                                                                                                                                                                                                                                                                             
511                                                                                                                 O-2022-006250                      
51520220411
580    4320220508100788-22094                          1                                             
500    44   4251725800475                                                                                                                                                                                                                                                               1.000000000000000000                                                                                                                                                                                                                                                                                                             
511                                                                                                                 O-2022-006250                      
51520220411
580    4420220501100790-22087                          1                                             
500    45   4260402483962                                                                                                                                                                                                                                                               2.000000000000000000                                                                                                                                                                                                                                                                                                             
511                                                                                                                 O-2022-006250                      
51520220411
580    4520220913271012-130922                         2                                             
500    46   4251725800499                                                                                                                                                                                                                                                               1.000000000000000000                                                                                                                                                                                                                                                                                                             
511                                                                                                                 O-2022-006250                      
51520220411
580    4620220504100791-22090                          1       
